add_id,delivery_address1,delivery_address2,delivery_city,delivery_postcode
1,12 Main Street,Apt 4B,Summit Peaks,Z1A 2B8
2,456 Oak Avenue,Suite 205,Ravencrest,V3C 4D5
3,245 Maple Lane,,Ravencrest,V4D 0Y8
4,101 Pine Boulevard,,Ravencrest,V6P 8R4
5,218 Elm Court,,Ravencrest,V1U 1J5
6,23 Cedar Road,Unit 10,Ravencrest,V1C 1W2
7,40 Birch Circle,,Ravencrest,V1L 3E5
8,55 Redwood Drive,,Ravencrest,V8A 1Q6
9,139 Spruce Street,,Ravencrest,V1T 8H1
10,7 Pinecrest Lane,,Silver Ridge,Y9Z 1A2
11,198 Willow Way,Apt 15C,Ravencrest,V2S 7S2
12,26 Magnolia Street,,Azureton,W2G 3C4
13,110 Juniper Avenue,,Azureton,W9F 9K1
14,2 Hawthorn Lane,,Ravencrest,V7B 2R4
15,11 Sycamore Street,Suite 7,Ravencrest,V04 2Z2
16,2 Cedar Avenue,,Ravencrest,V1C 3V7
17,98 Birch Lane,Apt 8D,Ravencrest,V1L 7F6
18,460 Oak Street,,Ravencrest,V3C 4E7
19,231 Willow Boulevard,,Ravencrest,V2S 2S3
20,83 Redwood Court,Suite 12,Ravencrest,V8A 9Q6
21,183 Pine Road,,Ravencrest,V6P 9M3
22,127 Spruce Circle,,Ravencrest,V1T 8H8
23,23 Magnolia Drive,,Azureton,W2G 1C5
24,271 Maple Street,,Ravencrest,V4D 1G4
25,130 Juniper Lane,,Azureton,W9F 3K9
26,267 Elm Avenue,Apt 3F,Ravencrest,V1U 2J7
27,27 Sycamore Boulevard,,Ravencrest,V04 5Z1
28,198 Willow Way,Apt 22A,Ravencrest,V2S 7S2
29,37 Cedar Road,,Ravencrest,V1C 1W2
30,23 Birch Street,,Ravencrest,V1L 1E6
31,411 Oak Lane,Apt 6E,Ravencrest,V3C 8E2
32,228 Maple Street,,Ravencrest,V4D 1G9
33,100 Pine Avenue,Suite 18,Ravencrest,V6P 7P9
34,67 Cedar Boulevard,,Ravencrest,V1C 3X1
35,49 Sycamore Drive,,Ravencrest,V04 5Z6
36,206 Willow Circle,,Ravencrest,V2S 1S4
37,75 Redwood Road,,Ravencrest,V8A 0Q7
38,238 Elm Street,,Ravencrest,V1U 7I9
39,87 Birch Lane,,Ravencrest,V1L 7F7
40,109 Juniper Avenue,,Azureton,W9F 9K1
41,13 Magnolia Lane,Apt 10D,Azureton,W2G 9C5
42,45 Spruce Boulevard,,Ravencrest,V1T 6H2
43,19 Hawthorn Court,Suite 14,Ravencrest,V7B 2R4
44,266 Willow Road,,Ravencrest,V2S 3S5
45,678 Cedar Street,,Ravencrest,V1C 6X7
46,489 Oak Circle,Apt 7F,Ravencrest,V3C 2D3
47,100 Pine Avenue,Suite 21,Ravencrest,V6P 7P9
48,14 Redwood Boulevard,,Ravencrest,V8A 8Q3
49,112 Birch Lane,,Ravencrest,V1L 7F7
50,293 Maple Court,,Ravencrest,V4D 4K0
51,28 Cedar Road,,Ravencrest,V1C 1W2
52,230 Elm Street,,Ravencrest,V1U 7I9
53,156 Juniper Drive,,Azureton,W9F 7K6
54,261 Willow Lane,,Ravencrest,V2S 0S6
55,31 Sycamore Boulevard,,Ravencrest,V04 5Z1
56,8 Magnolia Way,Apt 5B,Azureton,W2G 5C5
57,146 Spruce Street,,Ravencrest,V1T 2H7
58,11 Hawthorn Avenue,Suite 19,Ravencrest,V7B 3R1
59,255 Willow Circle,,Ravencrest,V2S 4S3
60,333 Cedar Lane,,Ravencrest,V1C 7W1
61,122 Pine Circle,Apt 11G,Ravencrest,V6P 6N2
62,17 Redwood Street,Suite 25,Ravencrest,V8A 8Q9
63,270 Elm Avenue,,Ravencrest,V1U 2J7
64,277 Maple Lane,,Ravencrest,V4D 0X4
65,121 Birch Road,,Ravencrest,V1L 2F6
66,129 Juniper Boulevard,,Azureton,W9F 2K4
67,104 Cedar Drive,,Ravencrest,V1C 7W8
68,27 Sycamore Court,,Ravencrest,V04 4Z7
69,245 Willow Road,,Ravencrest,V2S 4S1
70,11 Magnolia Lane,,Azureton,W2G 9C5
71,67 Spruce Avenue,Apt 9C,Ravencrest,V1T 1H7
72,21 Hawthorn Boulevard,,Ravencrest,V7B 1R6
73,96 Cedar Street,Suite 15,Ravencrest,V1C 6X7
74,490 Oak Way,,Ravencrest,V3C 7F5
75,92 Redwood Circle,,Ravencrest,V8A 9Q1
76,122 Pine Circle,Apt 3D,Ravencrest,V6P 6N2
77,4 Cedar Avenue,Suite 17,Ravencrest,V1C 3V7
78,208 Willow Street,,Ravencrest,V2S 1S7
79,138 Birch Road,,Ravencrest,V1L 2F6
80,274 Elm Lane,,Ravencrest,V1U 5J0
81,18 Sycamore Boulevard,,Ravencrest,V04 5Z1
82,174 Juniper Drive,Apt 14F,Azureton,W9F 1K7
83,34 Magnolia Court,,Azureton,W2G 4C8
84,148 Spruce Boulevard,,Ravencrest,V1T 4H3
85,72 Redwood Circle,,Ravencrest,V8A 5Q2
86,423 Oak Lane,Suite 23,Ravencrest,V3C 8E9
87,246 Maple Street,,Ravencrest,V4D 1F7
88,100 Pine Avenue,Apt 8E,Ravencrest,V6P 7P9
89,27 Cedar Road,,Ravencrest,V1C 1W2
90,190 Willow Way,,Ravencrest,V2S 7S2
91,71 Birch Circle,,Ravencrest,V1L 3E4
92,232 Elm Street,Apt 10G,Ravencrest,V1U 7I9
93,37 Redwood Boulevard,,Ravencrest,V8A 5Q7
94,117 Juniper Avenue,,Azureton,W9F 9K1
95,20 Magnolia Lane,Suite 12,Azureton,W2G 6C7
96,74 Cedar Drive,,Ravencrest,V1C 7W9
97,41 Sycamore Road,,Ravencrest,V04 4Z3
98,200 Willow Lane,,Ravencrest,V2S 5S7
99,61 Spruce Circle,Apt 5B,Ravencrest,V1T 3H7
100,154 Pine Road,,Ravencrest,V6P 9N8
101,91 Birch Lane,Suite 20,Ravencrest,V1L 7F7
102,460 Oak Avenue,,Ravencrest,V3C 4D5
103,141 Redwood Street,,Ravencrest,V8A 8Q8
104,240 Maple Lane,Apt 16D,Ravencrest,V4D 0Z5
105,12 Cedar Boulevard,,Ravencrest,V1C 3X1
106,146 Birch Avenue,Apt 2C,Ravencrest,V1L 8F1
107,132 Pine Lane,Suite 14,Ravencrest,V6P 8M1
108,87 Cedar Street,,Ravencrest,V1C 6X6
109,209 Elm Boulevard,,Ravencrest,V1U 7I2
110,261 Willow Drive,,Ravencrest,V2S 3S0
111,143 Juniper Circle,Apt 9G,Azureton,W9F 3K9
112,46 Magnolia Road,,Azureton,W2G 2C7
113,70 Spruce Avenue,,Ravencrest,V1T 1H6